0 0 0
0.71 1.22976 0
1.42 2.45951 0
2.13 3.68927 0
2.84 4.91902 0
3.55 6.14878 0
4.26 7.37854 0
4.97 8.60829 0
5.68 9.83805 0
6.39 11.0678 0
1.42 0 0
2.13 1.22976 0
2.84 2.45951 0
3.55 3.68927 0
4.26 4.91902 0
4.97 6.14878 0
5.68 7.37854 0
6.39 8.60829 0
7.1 9.83805 0
7.81 11.0678 0
2.84 0 0
3.55 1.22976 0
4.26 2.45951 0
4.97 3.68927 0
5.68 4.91902 0
6.39 6.14878 0
7.1 7.37854 0
7.81 8.60829 0
8.52 9.83805 0
9.23 11.0678 0
4.26 0 0
4.97 1.22976 0
5.68 2.45951 0
6.39 3.68927 0
7.1 4.91902 0
7.81 6.14878 0
8.52 7.37854 0
9.23 8.60829 0
9.94 9.83805 0
10.65 11.0678 0
5.68 0 0
6.39 1.22976 0
7.1 2.45951 0
7.81 3.68927 0
8.52 4.91902 0
9.23 6.14878 0
9.94 7.37854 0
10.65 8.60829 0
11.36 9.83805 0
12.07 11.0678 0
7.1 0 0
7.81 1.22976 0
8.52 2.45951 0
9.23 3.68927 0
9.94 4.91902 0
10.65 6.14878 0
11.36 7.37854 0
12.07 8.60829 0
12.78 9.83805 0
13.49 11.0678 0
8.52 0 0
9.23 1.22976 0
9.94 2.45951 0
10.65 3.68927 0
11.36 4.91902 0
12.07 6.14878 0
12.78 7.37854 0
13.49 8.60829 0
14.2 9.83805 0
14.91 11.0678 0
9.94 0 0
10.65 1.22976 0
11.36 2.45951 0
12.07 3.68927 0
12.78 4.91902 0
13.49 6.14878 0
14.2 7.37854 0
14.91 8.60829 0
15.62 9.83805 0
16.33 11.0678 0
11.36 0 0
12.07 1.22976 0
12.78 2.45951 0
13.49 3.68927 0
14.2 4.91902 0
14.91 6.14878 0
15.62 7.37854 0
16.33 8.60829 0
17.04 9.83805 0
17.75 11.0678 0
12.78 0 0
13.49 1.22976 0
14.2 2.45951 0
14.91 3.68927 0
15.62 4.91902 0
16.33 6.14878 0
17.04 7.37854 0
17.75 8.60829 0
18.46 9.83805 0
19.17 11.0678 0
0.71 1.22976 3.35
1.42 2.45951 3.35
2.13 3.68927 3.35
2.84 4.91902 3.35
3.55 6.14878 3.35
4.26 7.37854 3.35
4.97 8.60829 3.35
5.68 9.83805 3.35
6.39 11.0678 3.35
7.1 12.2976 3.35
2.13 1.22976 3.35
2.84 2.45951 3.35
3.55 3.68927 3.35
4.26 4.91902 3.35
4.97 6.14878 3.35
5.68 7.37854 3.35
6.39 8.60829 3.35
7.1 9.83805 3.35
7.81 11.0678 3.35
8.52 12.2976 3.35
3.55 1.22976 3.35
4.26 2.45951 3.35
4.97 3.68927 3.35
5.68 4.91902 3.35
6.39 6.14878 3.35
7.1 7.37854 3.35
7.81 8.60829 3.35
8.52 9.83805 3.35
9.23 11.0678 3.35
9.94 12.2976 3.35
4.97 1.22976 3.35
5.68 2.45951 3.35
6.39 3.68927 3.35
7.1 4.91902 3.35
7.81 6.14878 3.35
8.52 7.37854 3.35
9.23 8.60829 3.35
9.94 9.83805 3.35
10.65 11.0678 3.35
11.36 12.2976 3.35
6.39 1.22976 3.35
7.1 2.45951 3.35
7.81 3.68927 3.35
8.52 4.91902 3.35
9.23 6.14878 3.35
9.94 7.37854 3.35
10.65 8.60829 3.35
11.36 9.83805 3.35
12.07 11.0678 3.35
12.78 12.2976 3.35
7.81 1.22976 3.35
8.52 2.45951 3.35
9.23 3.68927 3.35
9.94 4.91902 3.35
10.65 6.14878 3.35
11.36 7.37854 3.35
12.07 8.60829 3.35
12.78 9.83805 3.35
13.49 11.0678 3.35
14.2 12.2976 3.35
9.23 1.22976 3.35
9.94 2.45951 3.35
10.65 3.68927 3.35
11.36 4.91902 3.35
12.07 6.14878 3.35
12.78 7.37854 3.35
13.49 8.60829 3.35
14.2 9.83805 3.35
14.91 11.0678 3.35
15.62 12.2976 3.35
10.65 1.22976 3.35
11.36 2.45951 3.35
12.07 3.68927 3.35
12.78 4.91902 3.35
13.49 6.14878 3.35
14.2 7.37854 3.35
14.91 8.60829 3.35
15.62 9.83805 3.35
16.33 11.0678 3.35
17.04 12.2976 3.35
12.07 1.22976 3.35
12.78 2.45951 3.35
13.49 3.68927 3.35
14.2 4.91902 3.35
14.91 6.14878 3.35
15.62 7.37854 3.35
16.33 8.60829 3.35
17.04 9.83805 3.35
17.75 11.0678 3.35
18.46 12.2976 3.35
13.49 1.22976 3.35
14.2 2.45951 3.35
14.91 3.68927 3.35
15.62 4.91902 3.35
16.33 6.14878 3.35
17.04 7.37854 3.35
17.75 8.60829 3.35
18.46 9.83805 3.35
19.17 11.0678 3.35
19.88 12.2976 3.35
